position:      27.2818 16.0659 29.8574
orientation:   -0.138961 0.351787 0.0530359 0.924188
field_of_view: 0.785398
